fiscalDateEnding,reportedCurrency,grossProfit,totalRevenue,costOfRevenue,costofGoodsAndServicesSold,operatingIncome,sellingGeneralAndAdministrative,researchAndDevelopment,operatingExpenses,investmentIncomeNet,netInterestIncome,interestIncome,interestExpense,nonInterestIncome,otherNonOperatingIncome,depreciation,depreciationAndAmortization,incomeBeforeTax,incomeTaxExpense,interestAndDebtExpense,netIncomeFromContinuingOperations,comprehensiveIncomeNetOfTax,ebit,ebitda,netIncome
2022-12-31,USD,58400000,1382000000,1323600000,None,-418300000,364400000,None,476700000,None,534500000,1170100000,635600000,984500000,None,None,112300000,190400000,34700000,635600000,155700000,371500000,826000000,938300000,155700000
2022-09-30,USD,581800000,1811600000,1229800000,None,264700000,314900000,None,317100000,None,513000000,799300000,286300000,1241800000,None,None,2200000,524500000,129700000,286300000,394800000,120400000,810800000,813000000,394800000
2022-06-30,USD,586200000,1809800000,1223600000,None,275600000,308400000,None,310600000,None,458700000,524800000,66100000,1310000000,None,None,2200000,540600000,144400000,66100000,396200000,-207400000,606700000,608900000,396200000
2022-03-31,USD,557200000,1757800000,1200600000,None,206300000,348200000,None,350900000,None,381000000,383500000,2500000,1337700000,None,None,2700000,510800000,121500000,2500000,389300000,-482100000,513300000,516000000,389300000
2021-12-31,USD,263000000,1425300000,1162300000,None,-164900000,313900000,None,427900000,None,360600000,362200000,1600000,1306400000,None,None,114000000,509600000,103200000,1600000,406400000,256800000,511200000,625200000,406400000
2021-09-30,USD,586500000,1709200000,1122700000,None,264300000,318800000,None,322200000,None,346400000,351300000,4900000,1287400000,None,None,3400000,518100000,122400000,4900000,395700000,315000000,523000000,526400000,395700000
2021-06-30,USD,560700000,1661700000,1101000000,None,249000000,307800000,None,311700000,None,335600000,343100000,7500000,1244700000,None,None,3900000,486500000,118400000,7500000,368100000,496900000,494000000,497900000,368100000
2021-03-31,USD,577000000,1668300000,1091300000,None,260300000,312400000,None,316700000,None,340100000,349900000,9800000,1243300000,None,None,4300000,495900000,120800000,9800000,375100000,13000000,505700000,510000000,375100000
2020-12-31,USD,373100000,1504900000,1131800000,None,-34300000,372500000,None,407400000,None,334400000,334400000,0,1187500000,None,30600000,34900000,373400000,132500000,18200000,240900000,244400000,373400000,408300000,240900000
2020-09-30,USD,438600000,1538100000,1099500000,None,186900000,251700000,None,251700000,None,328600000,355400000,26800000,1156500000,None,28300000,4300000,389900000,95400000,26800000,294500000,348600000,416700000,421000000,294500000
2020-06-30,USD,399400000,1496700000,1097300000,None,148100000,251300000,None,251300000,None,372100000,406300000,34200000,1134000000,None,29500000,4200000,403200000,89900000,34200000,313300000,638700000,437400000,441600000,313300000
2020-03-31,USD,449900000,1561100000,1111200000,65600000,120000000,297700000,None,329900000,None,408100000,529200000,121100000,1179600000,None,28100000,32200000,461100000,100500000,121100000,360600000,600300000,582200000,614400000,360600000
2019-12-31,USD,344500000,1416800000,1072300000,91300000,-112000000,425700000,None,456500000,None,420800000,420800000,0,1126900000,None,26700000,30800000,476400000,105300000,155300000,371100000,267400000,476400000,507200000,371100000
2019-09-30,USD,555100000,1591400000,1036300000,128100000,290800000,264300000,None,264300000,None,417700000,620800000,203100000,1120200000,None,26800000,31000000,508600000,124000000,203100000,384600000,453400000,711700000,742700000,384600000
2019-06-30,USD,547300000,1553500000,1006200000,145200000,291300000,256000000,None,256000000,None,417400000,640200000,222800000,1089200000,None,24800000,28900000,506900000,117500000,222800000,389400000,574900000,729700000,758600000,389400000
2019-03-31,USD,481200000,1509900000,1028700000,165000000,156800000,295300000,None,324400000,None,422000000,662800000,240800000,1058900000,None,24900000,29100000,452200000,105100000,240800000,347100000,455500000,693000000,722100000,347100000
2018-12-31,USD,384300000,1406200000,1021900000,227400000,-137700000,477900000,None,522000000,None,417200000,417200000,0,1086600000,-1000000,26700000,44100000,485900000,76000000,231400000,409900000,483100000,485900000,530000000,409900000
2018-09-30,USD,501900000,1504200000,1002300000,182000000,244500000,257400000,None,257400000,None,408200000,599200000,191000000,1066100000,None,26700000,26700000,481000000,106500000,191000000,374500000,355700000,672000000,698700000,374500000
2018-06-30,USD,538600000,1536000000,997400000,155900000,271000000,267600000,None,267600000,None,413300000,567700000,154400000,1092800000,None,27400000,27400000,507200000,116800000,154400000,390400000,388000000,661600000,689000000,390400000
2018-03-31,USD,518500000,1513800000,995300000,118900000,211300000,279400000,None,307200000,None,384000000,505900000,121900000,1092000000,None,27800000,27800000,483700000,102100000,121900000,381600000,315500000,605600000,633400000,381600000
